[gd_scene load_steps=2 format=2]

[ext_resource path="res://corridor_material.tres" type="Material" id=1]

[node name="Corridor" type="CSGCombiner"]
use_collision = true

[node name="CorridorBase" type="CSGBox" parent="."]
transform = Transform( 1, 0, 0, 0, 1, 0, 0, 0, 1, 0, 0.5, 0 )
width = 3.0
height = 1.5
depth = 12.5
material = ExtResource( 1 )

[node name="CorridorRampU1" type="CSGBox" parent="."]
transform = Transform( 1, 0, 0, 0, 0.866025, -0.5, 0, 0.5, 0.866025, 0, 1.36239, 6.08584 )
operation = 2
width = 3.1
height = 1.0
material = ExtResource( 1 )

[node name="CorridorRampU2" type="CSGBox" parent="."]
transform = Transform( 1, 0, 0, 0, 0.866025, 0.5, 0, -0.5, 0.866025, 0, 1.362, -6.086 )
operation = 2
width = 3.1
height = 1.0
material = ExtResource( 1 )

[node name="CorridorCutout" type="CSGBox" parent="."]
transform = Transform( 1, 0, 0, 0, 1, 0, 0, 0, 1, 0, 1.6, 0 )
operation = 2
width = 2.5
depth = 15.0
material = ExtResource( 1 )

[node name="CorridorRampB1" type="CSGBox" parent="."]
transform = Transform( 1, 0, 0, 0, 0.866025, -0.5, 0, 0.5, 0.866025, 0, 0.6, 6.08584 )
operation = 2
width = 2.499
height = 1.0
material = ExtResource( 1 )

[node name="CorridorRampB2" type="CSGBox" parent="."]
transform = Transform( 1, 0, 0, 0, 0.866025, 0.5, 0, -0.5, 0.866025, 0, 0.6, -6.086 )
operation = 2
width = 2.499
height = 1.0
material = ExtResource( 1 )
