[gd_scene load_steps=5 format=2]

[ext_resource path="res://Player.gd" type="Script" id=1]
[ext_resource path="res://Room.tscn" type="PackedScene" id=2]
[ext_resource path="res://Corridor.tscn" type="PackedScene" id=3]

[sub_resource type="CapsuleShape" id=1]
radius = 0.501448
height = 0.773044

[node name="Level1" type="Spatial"]

[node name="Player" type="KinematicBody" parent="."]
transform = Transform( 1, 0, 0, 0, 1, 0, 0, 0, 1, 0, 1.09623, 0 )
script = ExtResource( 1 )

[node name="CollisionShape" type="CollisionShape" parent="Player"]
transform = Transform( 1, 0, 0, 0, -4.37114e-08, 1, 0, -1, -4.37114e-08, 0, 0, 0 )
shape = SubResource( 1 )

[node name="Head" type="Spatial" parent="Player"]
transform = Transform( 1, 0, 0, 0, 1, 0, 0, 0, 1, 0, 0.604989, 0 )

[node name="Camera" type="Camera" parent="Player/Head"]

[node name="Hub" parent="." instance=ExtResource( 2 )]

[node name="Room1" parent="." instance=ExtResource( 2 )]
editor/display_folded = true
transform = Transform( 1, 0, 0, 0, 1, 0, 0, 0, 1, 0, 0, 20 )

[node name="Corridor" parent="Room1" instance=ExtResource( 3 )]
transform = Transform( 1, 0, 0, 0, 1, 0, 0, 0, 1, 0, 0, -10 )

[node name="Room2" parent="." instance=ExtResource( 2 )]
editor/display_folded = true
transform = Transform( 0.5, 0, -0.866025, 0, 1, 0, 0.866025, 0, 0.5, -17.3205, 0, 10 )

[node name="Corridor" parent="Room2" instance=ExtResource( 3 )]
transform = Transform( 1, 0, 0, 0, 1, 0, 0, 0, 1, 0, 0, -10 )

[node name="Room3" parent="." instance=ExtResource( 2 )]
editor/display_folded = true
transform = Transform( -0.5, 0, -0.866025, 0, 1, 0, 0.866025, 0, -0.5, -17.3205, 0, -10 )

[node name="Corridor" parent="Room3" instance=ExtResource( 3 )]
transform = Transform( 1, 0, 0, 0, 1, 0, 0, 0, 1, 0, 0, -10 )

[node name="Room4" parent="." instance=ExtResource( 2 )]
editor/display_folded = true
transform = Transform( -1, 0, -8.74228e-08, 0, 1, 0, 8.74228e-08, 0, -1, 0, 0, -20 )

[node name="Corridor" parent="Room4" instance=ExtResource( 3 )]
transform = Transform( 1, 0, 0, 0, 1, 0, 0, 0, 1, 0, 0, -10 )

[node name="Room5" parent="." instance=ExtResource( 2 )]
editor/display_folded = true
transform = Transform( -0.5, 0, 0.866025, 0, 1, 0, -0.866025, 0, -0.5, 17.3205, 0, -10 )

[node name="Corridor" parent="Room5" instance=ExtResource( 3 )]
transform = Transform( 1, 0, 0, 0, 1, 0, 0, 0, 1, 0, 0, -10 )

[node name="Room6" parent="." instance=ExtResource( 2 )]
editor/display_folded = true
transform = Transform( 0.5, 0, 0.866025, 0, 1, 0, -0.866025, 0, 0.5, 17.3205, 0, 10 )

[node name="Corridor" parent="Room6" instance=ExtResource( 3 )]
transform = Transform( 1, 0, 0, 0, 1, 0, 0, 0, 1, 0, 0, -10 )
